Temps Donnees1
ms
0.0 0.0761 -0.04
2.6480000000001382 0.0727 -0.0371
5.304000000000087 0.0786 -0.0444
7.951999999999771 0.0776 -0.041
28.384000000000015 0.0722 -0.04
52.30400000000009 0.08 -0.039
76.2239999999997 0.0776 -0.039
100.14399999999978 0.0742 -0.0366
124.06399999999985 0.0717 -0.0386
147.98399999999992 0.0747 -0.042
171.904 0.0776 -0.041
195.82400000000007 0.0737 -0.0386
219.74400000000014 0.0781 -0.041
243.66399999999976 0.0722 -0.041
267.58399999999983 0.08 -0.0405
291.5039999999999 0.0708 -0.0376
315.424 0.0786 -0.04
339.34400000000005 0.081 -0.0405
363.2640000000001 0.08 -0.0376
387.18399999999974 0.0781 -0.0371
411.1039999999998 0.0747 -0.0366
435.0239999999999 0.0756 -0.0366
458.94399999999996 0.0756 -0.04
482.86400000000003 0.0761 -0.0376
506.7840000000001 0.0776 -0.039
530.7039999999997 0.0815 -0.0342
554.6239999999998 0.0766 -0.0386
578.5520000000001 0.0761 -0.042
602.4639999999999 0.0747 -0.0405
626.384 0.0791 -0.0434
650.3040000000001 0.0786 -0.039
674.2239999999997 0.0747 -0.0381
698.1439999999998 0.0795 -0.041
722.0639999999999 0.0752 -0.0395
745.9839999999999 0.0776 -0.0405
769.904 0.08 -0.041
793.8240000000001 0.0771 -0.0429
817.7440000000001 0.0756 -0.0386
841.6639999999998 0.0747 -0.039
865.5839999999998 0.0771 -0.0415
889.5039999999999 0.0752 -0.04
913.424 0.0771 -0.0361
937.344 0.0766 -0.0434
961.2640000000001 0.082 -0.0376
985.1839999999997 0.0795 -0.039
1009.1039999999998 0.0752 -0.0405
1033.024 0.08 -0.0371
1056.944 0.0844 -0.0395
1080.864 0.0805 -0.041
1104.784 0.0781 -0.041
1128.7039999999997 0.0771 -0.039
1152.6239999999998 0.0727 -0.0371
1176.5439999999999 0.0747 -0.0371
1200.464 0.0761 -0.0356
1224.384 0.0752 -0.039
1248.304 0.082 -0.04
1272.2239999999997 0.0815 -0.0439
1296.1439999999998 0.0752 -0.0429
1320.0639999999999 0.0776 -0.0405
1343.984 0.0771 -0.04
1367.904 0.08 -0.0346
1391.824 0.0815 -0.0425
1415.7440000000001 0.0776 -0.0444
1439.6639999999998 0.0737 -0.0405
1463.5839999999998 0.0795 -0.04
1487.504 0.0766 -0.0395
1511.424 0.0766 -0.0415
1535.344 0.081 -0.0395
1559.2640000000001 0.0756 -0.0415
1583.1839999999997 0.0795 -0.041
1607.1039999999998 0.0737 -0.0371
1631.024 0.0761 -0.0366
1654.944 0.0752 -0.0395
1678.864 0.0752 -0.0346
1702.784 0.081 -0.0454
1726.7040000000002 0.0766 -0.04
1750.6240000000003 0.0815 -0.041
1774.5440000000003 0.0766 -0.0405
1798.4639999999995 0.0732 -0.0386
1822.3839999999996 0.0781 -0.041
1846.3039999999996 0.0752 -0.039
1870.2239999999997 0.0791 -0.041
1894.1439999999998 0.0752 -0.042
1918.0639999999999 0.0776 -0.0346
1941.984 0.0727 -0.0366
1965.904 0.0761 -0.0366
1989.824 0.0742 -0.0381
2013.7440000000001 0.0766 -0.042
2037.6640000000002 0.0771 -0.0395
2061.5840000000003 0.0781 -0.042
2085.5040000000004 0.0727 -0.0386
2109.4320000000002 0.0737 -0.0337
2133.3439999999996 0.0752 -0.0425
2157.2639999999997 0.0781 -0.0371
2181.1839999999997 0.0849 -0.0405
2205.104 0.0771 -0.0405
2229.024 0.0786 -0.0405
2252.944 0.0825 -0.0415
2276.864 0.0776 -0.039
2300.784 0.0756 -0.0395
2324.704 0.0747 -0.0351
2348.6240000000003 0.0781 -0.0429
2372.5440000000003 0.083 -0.0434
2396.4639999999995 0.0791 -0.0356
2420.3839999999996 0.0815 -0.0405
2444.3039999999996 0.0776 -0.0395
2468.2239999999997 0.0781 -0.0356
2492.144 0.0791 -0.0405
2516.064 0.0766 -0.04
2539.984 0.0761 -0.04
2563.904 0.0791 -0.0386
2587.824 0.0795 -0.0386
2611.744 0.08 -0.0366
2635.664 0.0766 -0.039
2659.5840000000003 0.0747 -0.04
2683.5040000000004 0.0786 -0.0371
2707.4239999999995 0.0756 -0.0366
2731.3439999999996 0.082 -0.0386
2755.2639999999997 0.0756 -0.039
2779.1839999999997 0.0766 -0.039
